service_id,monday,tuesday,wednesday,thursday,friday,saturday,sunday,start_date,end_date
15ETEB-UPCBus-Dimanche-31,0,0,0,0,0,0,1,20150712,20150830
15ETEW-A-D-Dimanche-00,0,0,0,0,0,0,1,20150712,20150830
15ETEB-UPEBus-Dimanche-01,0,0,0,0,0,0,1,20150712,20150830
15ETEW-B-F-Dimanche-00,0,0,0,0,0,0,1,20150628,20150830
15ETEB-UPK-Dimanche-00,0,0,0,0,0,0,1,20150712,20150830
15ETEW-C-E-Dimanche-03,0,0,0,0,0,0,1,20150712,20150830
15ETEB-21-Dimanche-01,0,0,0,0,0,0,1,20150714,20150815
15ETEB-31-Dimanche-00,0,0,0,0,0,0,1,20150712,20150830
15ETEB-71-72-Dimanche-00,0,0,0,0,0,0,1,20150712,20150830
15ETEB-89-Dimanche-10,0,0,0,0,0,0,1,20150712,20150830
14SEPB-NAV_ROST-Semaine-00,1,1,1,1,1,0,0,20150526,20150704
15ETEB-NAV_ROST-Dimanche-00,0,0,0,0,0,0,1,20150712,20150830
15ETEB-NHC-Dimanche-00,0,0,0,0,0,0,1,20150712,20150830
14SEPB-NUIT-Semaine-00,1,1,1,1,1,0,0,20150528,20150704
14PVSB-UPCBus-Semaine-05,1,1,1,1,1,0,0,20150622,20150703
14PVSB-UPEBus-Semaine-01,1,1,1,1,1,0,0,20150622,20150703
14PVSB-UPK-Semaine-01,1,1,1,1,1,0,0,20150622,20150703
14SEPB-12-Semaine-00,1,1,1,1,1,0,0,20150526,20150703
14SEPB-21-Dimanche-00,0,0,0,0,0,0,1,20150531,20150705
14SEPB-21-Samedi-01,0,0,0,0,0,1,0,20150530,20150704
14SEPB-21-Semaine-00,1,1,1,1,1,0,0,20150526,20150703
14SEPB-27-Samedi-00,0,0,0,0,0,1,0,20150530,20150704
14SEPB-27-Semaine-00,1,1,1,1,1,0,0,20150526,20150703
14SEPB-31-Dimanche-00,0,0,0,0,0,0,1,20150531,20150705
14SEPB-31-Samedi-00,0,0,0,0,0,1,0,20150530,20150704
14SEPB-31-Semaine-00,1,1,1,1,1,0,0,20150526,20150703
14SEPB-71-72-Dimanche-00,0,0,0,0,0,0,1,20150531,20150705
14SEPB-71-72-Samedi-02,0,0,0,0,0,1,0,20150530,20150704
14SEPB-71-72-Semaine-04,1,1,1,1,1,0,0,20150526,20150703
14SEPB-87-Semaine-11,1,1,1,1,1,0,0,20150526,20150527
14SEPB-87-Semaine-13,1,1,1,1,1,0,0,20150528,20150529
14SEPB-88-Semaine-20,1,1,1,1,1,0,0,20150608,20150612
14SEPB-88-Semaine-30,1,1,1,1,1,0,0,20150615,20150619
14SEPB-89-Semaine-20,1,1,1,1,1,0,0,20150608,20150612
14SEPB-NAV_NDF-Mardi-01,0,1,0,0,0,0,0,20150526,20150630
14SEPB-NAV_NDF-Samedi-00,0,0,0,0,0,1,0,20150530,20150704
14SEPB-NAV_ROST-Dimanche-00,0,0,0,0,0,0,1,20150531,20150705
14SEPB-NHC-Dimanche-01,0,0,0,0,0,0,1,20150531,20150705
14SEPB-NHC-Samedi-01,0,0,0,0,0,1,0,20150530,20150704
14SEPB-NHC-Semaine-01,1,1,1,1,1,0,0,20150526,20150703
14SEPB-UPCBus-Dimanche-05,0,0,0,0,0,0,1,20150531,20150705
14SEPB-UPCBus-Samedi-05,0,0,0,0,0,1,0,20150530,20150704
14SEPB-UPCBus-Semaine-06,1,1,1,1,1,0,0,20150526,20150619
14SEPB-UPEBus-Dimanche-00,0,0,0,0,0,0,1,20150531,20150705
14SEPB-UPEBus-Samedi-00,0,0,0,0,0,1,0,20150530,20150704
14SEPB-UPEBus-Semaine-02,1,1,1,1,1,0,0,20150526,20150619
14SEPB-UPK-Dimanche-01,0,0,0,0,0,0,1,20150531,20150705
14SEPB-UPK-Samedi-01,0,0,0,0,0,1,0,20150530,20150704
14SEPB-UPK-Semaine-01,1,1,1,1,1,0,0,20150526,20150619
14SEPW-A-D-Dimanche-00,0,0,0,0,0,0,1,20150531,20150614
14SEPW-A-D-Samedi-00,0,0,0,0,0,1,0,20150530,20150620
14SEPW-A-D-Semaine-00,1,1,1,1,1,0,0,20150601,20150619
14SEPW-A-D-Semaine-12,1,1,1,1,1,0,0,20150526,20150527
14SEPW-A-D-Semaine-13,1,1,1,1,1,0,0,20150528,20150529
14SEPW-B-F-Dimanche-00,0,0,0,0,0,0,1,20150531,20150614
14SEPW-B-F-Samedi-02,0,0,0,0,0,1,0,20150530,20150620
14SEPW-B-F-Semaine-00,1,1,1,1,1,0,0,20150526,20150529
14SEPW-B-F-Semaine-12,1,1,1,1,1,0,0,20150601,20150605
14SEPW-B-F-Semaine-20,1,1,1,1,1,0,0,20150608,20150612
14SEPW-B-F-Semaine-30,1,1,1,1,1,0,0,20150615,20150619
14SEPW-C-E-Dimanche-00,0,0,0,0,0,0,1,20150531,20150614
14SEPW-C-E-Samedi-01,0,0,0,0,0,1,0,20150530,20150620
14SEPW-C-E-Semaine-12,1,1,1,1,1,0,0,20150526,20150619
14SEPW-C-E-Semaine-16,1,1,1,1,1,0,0,20150601,20150605
14SEPW-C-E-Semaine-20,1,1,1,1,1,0,0,20150608,20150612
15ETEB-21-Dimanche-00,0,0,0,0,0,0,1,20150712,20150830
15ETEB-21-Samedi-00,0,0,0,0,0,1,0,20150711,20150829
15ETEB-21-Semaine-00,1,1,1,1,1,0,0,20150706,20150828
15ETEB-27-Samedi-00,0,0,0,0,0,1,0,20150711,20150829
15ETEB-27-Semaine-00,1,1,1,1,1,0,0,20150706,20150828
15ETEB-31-Samedi-00,0,0,0,0,0,1,0,20150711,20150829
15ETEB-31-Semaine-00,1,1,1,1,1,0,0,20150706,20150828
15ETEB-71-72-Samedi-01,0,0,0,0,0,1,0,20150711,20150829
15ETEB-71-72-Semaine-01,1,1,1,1,1,0,0,20150706,20150828
15ETEB-89-Samedi-10,0,0,0,0,0,1,0,20150711,20150829
15ETEB-89-Semaine-10,1,1,1,1,1,0,0,20150706,20150828
15ETEB-NAV_NDF-Mardi-00,0,1,0,0,0,0,0,20150707,20150825
15ETEB-NAV_NDF-Samedi-00,0,0,0,0,0,1,0,20150711,20150829
15ETEB-NAV_ROST-Samedi-00,0,0,0,0,0,1,0,20150711,20150829
15ETEB-NAV_ROST-Semaine-00,1,1,1,1,1,0,0,20150706,20150828
15ETEB-NHC-Samedi-00,0,0,0,0,0,1,0,20150711,20150829
15ETEB-NHC-Semaine-00,1,1,1,1,1,0,0,20150706,20150828
15ETEB-NUIT-Jeu-Ven-00,0,0,0,1,1,0,0,20150709,20150828
15ETEB-NUIT-Samedi-00,0,0,0,0,0,1,0,20150711,20150829
15ETEB-UPCBus-Samedi-31,0,0,0,0,0,1,0,20150711,20150829
15ETEB-UPCBus-Semaine-31,1,1,1,1,1,0,0,20150706,20150828
15ETEB-UPEBus-Samedi-00,0,0,0,0,0,1,0,20150711,20150829
15ETEB-UPEBus-Semaine-01,1,1,1,1,1,0,0,20150706,20150828
15ETEB-UPK-Samedi-00,0,0,0,0,0,1,0,20150711,20150829
15ETEB-UPK-Semaine-00,1,1,1,1,1,0,0,20150706,20150828
15ETEW-A-D-Dimanche-03,0,0,0,0,0,0,1,20150628,20150705
15ETEW-A-D-Samedi-03,0,0,0,0,0,1,0,20150627,20150704
15ETEW-A-D-Samedi-04,0,0,0,0,0,1,0,20150711,20150829
15ETEW-A-D-Samedi-05,0,0,0,0,0,1,0,20150718,20150822
15ETEW-A-D-Semaine-03,1,1,1,1,1,0,0,20150706,20150828
15ETEW-A-D-Semaine-05,1,1,1,1,1,0,0,20150713,20150821
15ETEW-A-D-Semaine-10,1,1,1,1,1,0,0,20150622,20150703
15ETEW-B-F-Samedi-00,0,0,0,0,0,1,0,20150627,20150829
15ETEW-B-F-Samedi-01,0,0,0,0,0,1,0,20150718,20150822
15ETEW-B-F-Semaine-00,1,1,1,1,1,0,0,20150622,20150828
15ETEW-B-F-Semaine-01,1,1,1,1,1,0,0,20150713,20150821
15ETEW-C-E-Dimanche-04,0,0,0,0,0,0,1,20150628,20150705
15ETEW-C-E-Samedi-01,0,0,0,0,0,1,0,20150627,20150704
15ETEW-C-E-Samedi-02,0,0,0,0,0,1,0,20150718,20150822
15ETEW-C-E-Samedi-03,0,0,0,0,0,1,0,20150711,20150829
15ETEW-C-E-Semaine-08,1,1,1,1,1,0,0,20150706,20150828
15ETEW-C-E-Semaine-09,1,1,1,1,1,0,0,20150713,20150821
15ETEW-C-E-Semaine-10,1,1,1,1,1,0,0,20150622,20150703
